===== ESTADÍSTICAS DE LATENCIA =====
Backend createEPR:
  media: 0.0178647
  std: 0.0032987844579481095
  min: 0.013706
  max: 0.02209

Notificación HTTP:
  media: 0.0004489
  std: 0.00011332200923817835
  min: 0.000304
  max: 0.000693

Total generación EPR:
  media: 0.018937100000000002
  std: 0.0032918488709065747
  min: 0.014717
  max: 0.023407
