===== ESTADÍSTICAS DE LATENCIA =====
Backend createEPR:
  media: 0.007232471698113207
  std: 0.0015229101519506553
  min: 0.004994
  max: 0.011258

Notificación HTTP:
  media: 0.00028090566037735845
  std: 0.0002792703586787806
  min: 8.3e-05
  max: 0.001469

Total generación EPR:
  media: 0.008073830188679245
  std: 0.0025707353163566694
  min: 0.005212
  max: 0.019533
