===== ESTADÍSTICAS DE LATENCIA =====
Backend createEPR:
  media: 0.007296913043478261
  std: 0.0015841254274988168
  min: 0.004994
  max: 0.011258

Notificación HTTP:
  media: 0.00025765217391304345
  std: 0.0002797581667870627
  min: 8.3e-05
  max: 0.001469

Total generación EPR:
  media: 0.008099782608695651
  std: 0.002731819645202267
  min: 0.005212
  max: 0.019533
